================================================================================
ТАБЛИЦА ЗНАЧЕНИЙ
================================================================================
         x |        F(x) ряд |       Math F(x) |     Погрешность
--------------------------------------------------------------------------------
   -0.8000 |        0.587783 |        0.587787 |    3.944788e-06
   -0.6000 |        0.470007 |        0.470004 |    3.598747e-06
   -0.4000 |        0.336473 |        0.336472 |    1.021543e-06
   -0.2000 |        0.182322 |        0.182322 |    2.717775e-07
   -0.0000 |        0.000000 |        0.000000 |    0.000000e+00
    0.2000 |       -0.223143 |       -0.223144 |    3.894094e-07
    0.4000 |       -0.510823 |       -0.510826 |    2.220748e-06
    0.6000 |       -0.916278 |       -0.916291 |    1.313063e-05
    0.8000 |       -1.609406 |       -1.609438 |    3.198151e-05
